 5e-05 1.261729127087869e-12
 0.0001 2.622317441574659e-09
 0.00015 1.855761894386189e-07
 0.0002 2.095418085375735e-06
 0.00025 7.851076584103408e-06
 0.0003 1.451836952379182e-05
 0.0003500000000000001 1.853966316146229e-05
 0.0004000000000000001 2.045814896950821e-05
 0.0004500000000000001 2.245489176657786e-05
 0.0005000000000000001 2.718417921293345e-05
 0.0005500000000000001 3.822734406316646e-05
 0.0006000000000000002 5.680974535215375e-05
 0.0006500000000000002 7.884133722453292e-05
 0.0007000000000000002 9.887994483672934e-05
 0.0007500000000000002 0.0001141760272693997
 0.0008000000000000003 0.0001257815713536654
 0.0008500000000000003 0.000137944461359092
 0.0009000000000000003 0.0001534794626916974
 0.0009500000000000003 0.0001712323344225185
 0.001 0.0001883529299012275
 0.00105 0.0002030796194945993
 0.0011 0.0002162079693276139
 0.00115 0.0002307322986813228
 0.0012 0.0002485074535112533
 0.00125 0.0002710118097020327
 0.0013 0.0002980359267817429
 0.00135 0.0003276876057020431
 0.0014 0.0003575092614573236
 0.001449999999999999 0.0003849244746017507
 0.001499999999999999 0.0004095599614090037
 0.001549999999999999 0.0004326396843129983
 0.001599999999999999 0.0004563842929777957
 0.001649999999999999 0.0004819862777877458
 0.001699999999999999 0.0005085493339348862
 0.001749999999999999 0.000534757139341667
 0.001799999999999999 0.00055980747260942
 0.001849999999999999 0.0005842437911216065
 0.001899999999999999 0.0006089948262579946
 0.001949999999999999 0.0006344492748513021
 0.001999999999999999 0.0006611345826922226
 0.002049999999999999 0.0006892189119087566
 0.002099999999999999 0.0007179432056204017
 0.002149999999999999 0.000746677525339741
 0.002199999999999999 0.0007747980647646016
 0.002249999999999999 0.0008020834951758133
 5e-05 1.261729127087869e-12
 0.0001 2.622317441574659e-09
 0.00015 1.855761894386189e-07
 0.0002 2.095418085375735e-06
 0.00025 7.851076584103408e-06
 0.0003 1.451836952379182e-05
 0.0003500000000000001 1.853966316146229e-05
 0.0004000000000000001 2.045814896950821e-05
 0.0004500000000000001 2.245489176657786e-05
 0.0005000000000000001 2.718417921293345e-05
 0.0005500000000000001 3.822734406316646e-05
 0.0006000000000000002 5.680974535215375e-05
 0.0006500000000000002 7.884133722453292e-05
 0.0007000000000000002 9.887994483672934e-05
 0.0007500000000000002 0.0001141760272693997
 0.0008000000000000003 0.0001257815713536654
 0.0008500000000000003 0.000137944461359092
 0.0009000000000000003 0.0001534794626916974
 0.0009500000000000003 0.0001712323344225185
 0.001 0.0001883529299012275
 0.00105 0.0002030796194945993
 0.0011 0.0002162079693276139
 0.00115 0.0002307322986813228
 0.0012 0.0002485074535112533
 0.00125 0.0002710118097020327
 0.0013 0.0002980359267817429
 0.00135 0.0003276876057020431
 0.0014 0.0003575092614573236
 0.001449999999999999 0.0003849244746017507
 0.001499999999999999 0.0004095599614090037
 0.001549999999999999 0.0004326396843129983
 0.001599999999999999 0.0004563842929777957
 0.001649999999999999 0.0004819862777877458
 0.001699999999999999 0.0005085493339348862
 0.001749999999999999 0.000534757139341667
 0.001799999999999999 0.00055980747260942
 0.001849999999999999 0.0005842437911216065
 0.001899999999999999 0.0006089948262579946
 0.001949999999999999 0.0006344492748513021
 0.001999999999999999 0.0006611345826922226
 0.002049999999999999 0.0006892189119087566
 0.002099999999999999 0.0007179432056204017
 0.002149999999999999 0.000746677525339741
 0.002199999999999999 0.0007747980647646016
 0.002249999999999999 0.0008020834951758133
 0.0023 0.0008287359079632563
 0.00235 0.0008544193101596566
 0.0024 0.0008797836548661005
 0.00245 0.0009057716041589054
 0.0025 0.0009316183979362092
 0.00255 0.0009559499191302503
 0.0026 0.0009784296607149542
 0.00265 0.0009996849402821219
 0.002700000000000001 0.001021168400823469
 0.002750000000000001 0.001043219248000385
 0.002800000000000001 0.001064452515011079
 0.002850000000000001 0.001084057477344528
 0.002900000000000001 0.001102460791370115
 0.002950000000000001 0.001119965781237727
 0.003000000000000001 0.001136729135714505
 0.003050000000000001 0.001152726928893999
 0.003100000000000002 0.001167748099855574
 0.003150000000000002 0.00118182677829821
 0.003200000000000002 0.001194768031682017
 0.003250000000000002 0.001206008771469529
 0.003300000000000002 0.001215505324765417
 0.003350000000000002 0.001223778202757867
 0.003400000000000002 0.00123098011633369
 0.003450000000000003 0.001236653200349187
 0.003500000000000003 0.001240662058757547
 0.003550000000000003 0.001243280715279393
 0.003600000000000003 0.001244724574416789
 0.003650000000000003 0.00124515202692006
 0.003700000000000003 0.001244398630643702
 0.003750000000000003 0.001242146876522529
 0.003800000000000003 0.001238199201455699
 0.003850000000000004 0.001232494939098975
 0.003900000000000004 0.001225267721922958
 0.003950000000000004 0.001216720458516389
 0.004000000000000004 0.001206956557271331
 0.004050000000000003 0.001196068240612224
 0.004100000000000003 0.001184030786034692
 0.004150000000000003 0.001170789501261522
 0.004200000000000002 0.001156279148453967
 0.004250000000000002 0.001140349546952209
 0.004300000000000002 0.001122887087058852
 0.004350000000000001 0.001103904787210703
 0.004400000000000001 0.001083522771246859
 0.004450000000000001 0.0010619338608266
 0.004500000000000001 0.001039374243077804
 0.00455 0.001016043973815844
 0.0046 0.0009920105250094033
 0.00465 0.0009672465976692273
 0.004699999999999999 0.0009417189406944867
 0.004749999999999999 0.0009154195543169049
 0.004799999999999999 0.0008883899746258549
 0.004849999999999998 0.0008607307013951063
 0.004899999999999998 0.0008325800339300142
 0.004949999999999998 0.0008040515239409112
 0.004999999999999998 0.0007752051702509088
 0.005049999999999997 0.0007460938043631143
 0.005099999999999997 0.000716805011462034
 0.005149999999999997 0.000687443581339965
 0.005199999999999996 0.0006580959357467152
 0.005249999999999996 0.0006288293143774539
 0.005299999999999996 0.000599720318419238
 0.005349999999999995 0.0005708682547063845
 0.005399999999999995 0.0005423835801951564
 0.005449999999999995 0.0005143713066813785
 0.005499999999999994 0.0004869220776665588
 0.005549999999999994 0.00046011241491171
 0.005599999999999994 0.0004340108888634363
 0.005649999999999994 0.0004086830051740169
 0.005699999999999993 0.000384193047208046
 0.005749999999999993 0.0003606038983798894
 0.005799999999999993 0.0003379752183734389
 0.005849999999999992 0.0003163618968745824
 0.005899999999999992 0.0002958136141805998
 0.005949999999999992 0.0002763744587726361
 0.005999999999999991 0.0002580819801793744
 0.006049999999999991 0.0002409660397956264
 0.006099999999999991 0.0002250481052439096
 0.006149999999999991 0.0002103408513751223
 0.00619999999999999 0.0001968471115998413
 0.00624999999999999 0.0001845575327679282
 0.00629999999999999 0.000173447060603742
 0.006349999999999989 0.0001634709431971432
 0.006399999999999989 0.0001545615341519175
 0.006449999999999989 0.0001466280687113844
 0.006499999999999988 0.0001395617131347991
 0.006549999999999988 0.000133245859123119
 0.006599999999999988 0.0001275681532457894
 0.006649999999999988 0.0001224297477739378
 0.006699999999999987 0.0001177494076339805
 0.006749999999999987 0.000113462942353652
 0.006799999999999987 0.000109519995472917
 0.006849999999999986 0.0001058802643080126
 0.006899999999999986 0.0001025104079245622
 0.006949999999999986 9.938199384588332e-05
 0.006999999999999985 9.647033521998446e-05
 0.007049999999999985 9.375456180938604e-05
 0.007099999999999985 9.122218293352276e-05
 0.007149999999999984 8.887819228117388e-05
 0.007199999999999984 8.672881891923075e-05
 0.007249999999999984 8.475854946896632e-05
 0.007299999999999984 8.296806687853806e-05
 0.007349999999999983 8.140681198070534e-05
 0.007399999999999983 8.018963973814756e-05
 0.007449999999999983 7.9525203486131e-05
 0.007499999999999982 7.958349014058776e-05
 0.007549999999999982 8.0156071607582e-05
 0.007599999999999982 8.074450581961538e-05
 0.007649999999999981 8.095799956958489e-05
 0.007699999999999981 8.072888449949611e-05
 0.007749999999999981 8.018606111007813e-05
 0.007799999999999981 7.949667905817904e-05
 0.00784999999999998 7.886906449883312e-05
 0.00789999999999998 7.844160693504785e-05
 0.00794999999999998 7.823967439868591e-05
 0.007999999999999979 7.845228654311584e-05
 0.008049999999999979 7.93911833571132e-05
 0.008099999999999979 8.135800544290327e-05
 0.008149999999999978 8.492359297708473e-05
 0.008199999999999978 9.102883417883783e-05
 0.008249999999999978 0.0001000414454741726
 0.008299999999999978 0.0001112786577091066
 0.008349999999999977 0.0001235040591461891
 0.008399999999999977 0.0001351801783500374
 0.008449999999999977 0.0001451722072329003
 0.008499999999999976 0.0001530185611330595
 0.008549999999999976 0.0001587251232008306
 0.008599999999999976 0.0001627594456342422
 0.008649999999999975 0.0001658728294946972
 0.008699999999999975 0.0001690078688025284
 0.008749999999999975 0.0001733031455606423
 0.008799999999999975 0.0001791900283504551
 0.008849999999999974 0.0001867117450952236
 0.008899999999999974 0.0001963142586896605
 0.008949999999999974 0.0002080062241651582
 0.008999999999999973 0.0002207262847610922
 0.009049999999999973 0.0002327569451802084
 0.009099999999999973 0.0002433379495147045
 0.009149999999999972 0.0002527690810684541
 0.009199999999999972 0.0002611271946965044
 0.009249999999999972 0.000269176883738868
 0.009299999999999971 0.0002785172562721304
 0.009349999999999971 0.0002898200485091576
 0.009399999999999971 0.0003027733891117452
 0.009449999999999971 0.0003182237850681373
 0.00949999999999997 0.0003382076856893203
 0.00954999999999997 0.000361873332046872
 0.00959999999999997 0.0003865607637099067
 0.009649999999999969 0.0004119199683856032
 0.009699999999999969 0.0004378374658360175
 0.009749999999999969 0.0004631463449451632
 0.009799999999999968 0.0004861972223029222
 0.009849999999999968 0.0005059489706032968
 0.009899999999999968 0.0005234561400252189
 0.009949999999999968 0.0005402477674918064
 0.009999999999999967 0.0005577251895420863
 0.01004999999999997 0.0005775234670680015
 0.01009999999999997 0.0006004253068416488
 0.01014999999999997 0.0006251157832605281
 0.01019999999999997 0.0006504909793184838
 0.01024999999999997 0.0006757473509373796
 0.01029999999999997 0.0007000289410192171
 0.01034999999999997 0.0007229222564775327
 0.01039999999999996 0.0007453195467911619
 0.01044999999999996 0.0007687985011467894
 0.01049999999999996 0.0007935378481729317
 0.01054999999999996 0.0008188171824895253
 0.01059999999999996 0.0008446368199682513
 0.01064999999999996 0.0008712430396721207
 0.01069999999999996 0.0009000365353435003
 0.01074999999999996 0.0009314523354796438
 0.01079999999999996 0.0009641167676457488
 0.01084999999999996 0.0009971243259299714
 0.01089999999999996 0.001029550257727287
 0.01094999999999996 0.001060622879020468
 0.01099999999999996 0.001090359219922636
 0.01104999999999996 0.00111937294787748
 0.01109999999999996 0.001148517710742026
 0.01114999999999996 0.00117729612417299
 0.01119999999999996 0.001206584695421657
 0.01124999999999996 0.001237820517815166
 0.01129999999999996 0.001270719278383803
 0.01134999999999996 0.001303376329544686
 0.01139999999999996 0.001333556393845624
 0.01144999999999996 0.001361213087127445
 0.01149999999999996 0.001387256045934139
 0.01154999999999996 0.001412813489772707
 0.01159999999999996 0.001439745496435557
 0.01164999999999996 0.001469974408067459
 0.01169999999999996 0.001501623049478315
 0.01174999999999996 0.001531645371868729
 0.01179999999999996 0.001558847845356838
 0.01184999999999996 0.001584747504405192
 0.01189999999999996 0.001610823676888654
 0.01194999999999996 0.001636458188106283
 0.01199999999999996 0.001661825358258719
 0.01204999999999995 0.001687366132930332
 0.01209999999999995 0.001711861130965697
 0.01214999999999995 0.001734935144484443
 0.01219999999999995 0.00175764757817323
 0.01224999999999995 0.001780899705408673
 0.01229999999999995 0.001803042184985892
 0.01234999999999995 0.001822357776524189
 0.01239999999999995 0.001839546550389645
 0.01244999999999995 0.001856132258193537
 0.01249999999999995 0.001872921923033785
 0.01254999999999995 0.001888474480987988
 0.01259999999999995 0.00190161210490394
 0.01264999999999995 0.001913306140437752
 0.01269999999999995 0.001924488483059527
 0.01274999999999995 0.001934846866855465
 0.01279999999999995 0.001944787869646536
 0.01284999999999995 0.001954786995933581
 0.01289999999999995 0.001963628470612923
 0.01294999999999995 0.001970855942164788
 0.01299999999999995 0.001975733967186026
 0.01304999999999995 0.001977712065380435
 0.01309999999999995 0.001977702815418427
 0.01314999999999995 0.001976684880441662
 0.01319999999999995 0.001974566096827656
 0.01324999999999995 0.001971220952861257
 0.01329999999999995 0.001967132281855506
 0.01334999999999995 0.00196247811560958
 0.01339999999999995 0.001956754251721596
 0.01344999999999995 0.001949413595404916
 0.01349999999999995 0.001940038420373799
 0.01354999999999995 0.001928340484972438
 0.01359999999999995 0.001914273677743714
 0.01364999999999995 0.001898004943177223
 0.01369999999999994 0.001879703281547976
 0.01374999999999994 0.001859642613566215
 0.01379999999999994 0.001838373679011983
 0.01384999999999994 0.001816441378496138
 0.01389999999999994 0.001794012687832519
 0.01394999999999994 0.001770695569209157
 0.01399999999999994 0.001746095269783054
 0.01404999999999994 0.001719933488227564
 0.01409999999999994 0.001692175430421431
 0.01414999999999994 0.001662959940936384
 0.01419999999999994 0.001632488486264612
 0.01424999999999994 0.00160106985886295
 0.01429999999999994 0.001568840436058009
 0.01434999999999994 0.001535612193751207
 0.01439999999999994 0.001501197486143985
 0.01444999999999994 0.001465685622323853
 0.01449999999999994 0.001429335260336969
 0.01454999999999994 0.001392268238532719
 0.01459999999999994 0.001354358117625992
 0.01464999999999994 0.001315532853807288
 0.01469999999999994 0.001275893276992738
 0.01474999999999994 0.00123567158188998
 0.01479999999999994 0.001195147116503615
 0.01484999999999994 0.001154572215193468
 0.01489999999999994 0.001114056577033417
 0.01494999999999994 0.001073593325618008
 0.01499999999999994 0.001033157894704405
 0.01504999999999994 0.0009927450089728619
 0.01509999999999994 0.0009523950410332012
 0.01514999999999994 0.000912188998200257
 0.01519999999999994 0.0008722169803366206
 0.01524999999999994 0.0008325678223711543
 0.01529999999999994 0.0007933313564542544
 0.01534999999999993 0.0007545984177334485
 0.01539999999999993 0.0007164636703358649
 0.01544999999999993 0.000679015751212386
 0.01549999999999993 0.0006423322311227821
 0.01554999999999993 0.0006064893024332308
 0.01559999999999993 0.0005715707800798055
 0.01564999999999993 0.0005376701570158502
 0.01569999999999994 0.0005048856458062638
 0.01574999999999994 0.0004733101935152512
 0.01579999999999994 0.0004430246208982595
 0.01584999999999994 0.0004140971135479355
 0.01589999999999994 0.0003865839219095879
 0.01594999999999994 0.0003605286046962028
 0.01599999999999994 0.0003359625681235061
 0.01604999999999995 0.000312908521081384
 0.01609999999999995 0.0002913843948179493
 0.01614999999999995 0.0002714037444508001
 0.01619999999999995 0.0002529721414968726
 0.01624999999999995 0.0002360828396513041
 0.01629999999999995 0.0002207137534056412
 0.01634999999999995 0.0002068249504779325
 0.01639999999999996 0.0001943557166170045
 0.01644999999999996 0.0001832215768206327
 0.01649999999999996 0.0001733130782080848
 0.01654999999999996 0.0001644992413377049
 0.01659999999999996 0.0001566372731856443
 0.01664999999999996 0.0001495860322011179
 0.01669999999999996 0.0001432180270506824
 0.01674999999999997 0.0001374261410351368
 0.01679999999999997 0.0001321246043157
 0.01684999999999997 0.0001272461174106125
 0.01689999999999997 0.0001227375943382837
 0.01694999999999997 0.0001185562742910901
 0.01699999999999997 0.0001146668806256044
 0.01704999999999997 0.000111039779765073
 0.01709999999999998 0.0001076502706326522
 0.01714999999999998 0.0001044817563887126
 0.01719999999999998 0.0001015353998535334
 0.01724999999999998 9.88186314737531e-05
 0.01729999999999998 9.631495565198643e-05
 0.01734999999999998 9.401703123243e-05
 0.01739999999999998 9.19657308067939e-05
 0.01744999999999999 9.026499741090773e-05
 0.01749999999999999 8.911308062613024e-05
 0.01754999999999999 8.871309298415075e-05
 0.01759999999999999 8.891298752854106e-05
 0.01764999999999999 8.921445137654494e-05
 0.01769999999999999 8.91819335277994e-05
 0.01774999999999999 8.870538113214334e-05
 0.0178 8.790638699760877e-05
 0.01785 8.695445822214363e-05
 0.0179 8.60619522670644e-05
 0.01795 8.538135538262323e-05
 0.018 8.493398182042545e-05
 0.01805 8.489583064221993e-05
 0.0181 8.558639952276993e-05
 0.01815000000000001 8.730953931722364e-05
 0.01820000000000001 9.061324121647391e-05
 0.01825000000000001 9.644421051387482e-05
 0.01830000000000001 0.0001052351716963337
 0.01835000000000001 0.0001163388039045945
 0.01840000000000001 0.0001285201743198705
 0.01845000000000001 0.0001402075509703302
 0.01850000000000002 0.00015021027238554
 0.01855000000000002 0.0001580354257572622
 0.01860000000000002 0.0001636775018269532
 0.01865000000000002 0.0001676055915438323
 0.01870000000000002 0.0001705814777165586
 0.01875000000000002 0.0001735567620248
 0.01880000000000003 0.0001776854687540753
 0.01885000000000003 0.0001834205126294622
 0.01890000000000003 0.0001907873530540786
 0.01895000000000003 0.0002002419756617192
 0.01900000000000003 0.000211820695923378
 0.01905000000000003 0.0002244825236397084
 0.01910000000000003 0.0002364798647289386
 0.01915000000000004 0.0002470114064476427
 0.01920000000000004 0.0002563764944745384
 0.01925000000000004 0.0002646494286948794
 0.01930000000000004 0.000272578247333692
 0.01935000000000004 0.0002817744351093324
 0.01940000000000004 0.0002929301651447156
 0.01945000000000004 0.0003057207385033294
 0.01950000000000005 0.000320960791871755
 0.01955000000000005 0.0003407173594821284
 0.01960000000000005 0.0003642283773420104
 0.01965000000000005 0.0003887754769406919
 0.01970000000000005 0.0004139681808560769
 0.01975000000000005 0.0004397374991466271
 0.01980000000000005 0.000464940206128388
 0.01985000000000006 0.0004879245480982362
 0.01990000000000006 0.000507580172353913
 0.01995000000000006 0.0005249248579930108
 0.02000000000000006 0.0005414896621190373
 5e-05 1.261729127087869e-12
 0.0001 2.622317441574659e-09
 0.00015 1.855761894386189e-07
 5e-05 1.261729127087869e-12
 0.0001 2.622317441574659e-09
 0.00015 1.855761894386189e-07
 0.0002 2.095418085375735e-06
 0.00025 7.851076584103408e-06
