 5e-05 6.249639422677628e-08
 0.0001 6.294566037010993e-08
 0.00015 6.342284922346384e-08
 0.0002 6.774951890992962e-08
 0.00025 7.937788546169462e-08
 0.0003 9.244321388529317e-08
 0.0003500000000000001 1.002429943021782e-07
 0.0004000000000000001 1.036239589685444e-07
 0.0004500000000000001 1.05945370052059e-07
 0.0005000000000000001 1.103927647280411e-07
 0.0005500000000000001 1.204400316206986e-07
 0.0006000000000000002 1.381327101948032e-07
 0.0006500000000000002 1.609081396699052e-07
 0.0007000000000000002 1.831366251998707e-07
 0.0007500000000000002 2.007034246684399e-07
 0.0008000000000000003 2.133894571216737e-07
 0.0008500000000000003 2.244147520086195e-07
 0.0009000000000000003 2.369132774549992e-07
 0.0009500000000000003 2.512261673803369e-07
 0.001 2.656032040543017e-07
 0.00105 2.782110956773586e-07
 0.0011 2.887269115673522e-07
 0.00115 2.986474322531281e-07
 0.0012 3.097199591663911e-07
 0.00125 3.233307582218249e-07
 0.0013 3.40053781320328e-07
 0.00135 3.592492377838916e-07
 0.0014 3.794461880009239e-07
 0.001449999999999999 3.987729347724649e-07
 0.001499999999999999 4.160031861215761e-07
 0.001549999999999999 4.310871548496969e-07
 0.001599999999999999 4.449678361978719e-07
 0.001649999999999999 4.587631129004541e-07
 0.001699999999999999 4.728419388268573e-07
 0.001749999999999999 4.86814919990501e-07
 0.001799999999999999 5.000490109854255e-07
 0.001849999999999999 5.122657881388485e-07
 0.001899999999999999 5.236744322421623e-07
 0.001949999999999999 5.346323871552565e-07
 0.001999999999999999 5.455084905864761e-07
 0.002049999999999999 5.565726187096125e-07
 0.002099999999999999 5.677828922091345e-07
 0.002149999999999999 5.788716394421455e-07
 0.002199999999999999 5.894872309571783e-07
 0.002249999999999999 5.993219709771088e-07
 5e-05 6.249639422677628e-08
 0.0001 6.294566037010993e-08
 0.00015 6.342284922346384e-08
 0.0002 6.774951890992962e-08
 0.00025 7.937788546169462e-08
 0.0003 9.244321388529317e-08
 0.0003500000000000001 1.002429943021782e-07
 0.0004000000000000001 1.036239589685444e-07
 0.0004500000000000001 1.05945370052059e-07
 0.0005000000000000001 1.103927647280411e-07
 0.0005500000000000001 1.204400316206986e-07
 0.0006000000000000002 1.381327101948032e-07
 0.0006500000000000002 1.609081396699052e-07
 0.0007000000000000002 1.831366251998707e-07
 0.0007500000000000002 2.007034246684399e-07
 0.0008000000000000003 2.133894571216737e-07
 0.0008500000000000003 2.244147520086195e-07
 0.0009000000000000003 2.369132774549992e-07
 0.0009500000000000003 2.512261673803369e-07
 0.001 2.656032040543017e-07
 0.00105 2.782110956773586e-07
 0.0011 2.887269115673522e-07
 0.00115 2.986474322531281e-07
 0.0012 3.097199591663911e-07
 0.00125 3.233307582218249e-07
 0.0013 3.40053781320328e-07
 0.00135 3.592492377838916e-07
 0.0014 3.794461880009239e-07
 0.001449999999999999 3.987729347724649e-07
 0.001499999999999999 4.160031861215761e-07
 0.001549999999999999 4.310871548496969e-07
 0.001599999999999999 4.449678361978719e-07
 0.001649999999999999 4.587631129004541e-07
 0.001699999999999999 4.728419388268573e-07
 0.001749999999999999 4.86814919990501e-07
 0.001799999999999999 5.000490109854255e-07
 0.001849999999999999 5.122657881388485e-07
 0.001899999999999999 5.236744322421623e-07
 0.001949999999999999 5.346323871552565e-07
 0.001999999999999999 5.455084905864761e-07
 0.002049999999999999 5.565726187096125e-07
 0.002099999999999999 5.677828922091345e-07
 0.002149999999999999 5.788716394421455e-07
 0.002199999999999999 5.894872309571783e-07
 0.002249999999999999 5.993219709771088e-07
 0.0023 6.082311068699541e-07
 0.00235 6.161227875156356e-07
 0.0024 6.230284067852203e-07
 0.00245 6.292031662607603e-07
 0.0025 6.348179830473067e-07
 0.00255 6.397044293287548e-07
 0.0026 6.435292712595783e-07
 0.00265 6.461035335203792e-07
 0.002700000000000001 6.475777656865076e-07
 0.002750000000000001 6.482930502801136e-07
 0.002800000000000001 6.483981380641609e-07
 0.002850000000000001 6.477576463439971e-07
 0.002900000000000001 6.461929314659712e-07
 0.002950000000000001 6.436400814341831e-07
 0.003000000000000001 6.40137413544536e-07
 0.003050000000000001 6.35759707567724e-07
 0.003100000000000002 6.305571810192106e-07
 0.003150000000000002 6.245522248034057e-07
 0.003200000000000002 6.177491297502849e-07
 0.003250000000000002 6.101122192488731e-07
 0.003300000000000002 6.015814132125653e-07
 0.003350000000000002 5.921390626903255e-07
 0.003400000000000002 5.818326697424574e-07
 0.003450000000000003 5.707216743241455e-07
 0.003500000000000003 5.588399735129488e-07
 0.003550000000000003 5.462157196581766e-07
 0.003600000000000003 5.328981926039828e-07
 0.003650000000000003 5.189608939246274e-07
 0.003700000000000003 5.044814039228886e-07
 0.003750000000000003 4.895172967514266e-07
 0.003800000000000003 4.740992211866249e-07
 0.003850000000000004 4.582415120016599e-07
 0.003900000000000004 4.41963371766906e-07
 0.003950000000000004 4.25304589086008e-07
 0.004000000000000004 4.083259720442331e-07
 0.004050000000000003 3.911009386181138e-07
 0.004100000000000003 3.737055297978065e-07
 0.004150000000000003 3.562107090545138e-07
 0.004200000000000002 3.386784619639764e-07
 0.004250000000000002 3.21160527991011e-07
 0.004300000000000002 3.036995950483265e-07
 0.004350000000000001 2.863334291829234e-07
 0.004400000000000001 2.691005061342057e-07
 0.004450000000000001 2.520446840368304e-07
 0.004500000000000001 2.352174100599548e-07
 0.00455 2.186770691471258e-07
 0.0046 2.024857022137478e-07
 0.00465 1.86704334051984e-07
 0.004699999999999999 1.713889231599883e-07
 0.004749999999999999 1.565882480155416e-07
 0.004799999999999999 1.42343848273319e-07
 0.004849999999999998 1.286912476081836e-07
 0.004899999999999998 1.156615173550171e-07
 0.004949999999999998 1.032824216759319e-07
 0.004999999999999998 9.157879512748862e-08
 0.005049999999999997 8.057228620611424e-08
 0.005099999999999997 7.028086414125192e-08
 0.005149999999999997 6.071840127414931e-08
 0.005199999999999996 5.189441185533171e-08
 0.005249999999999996 4.381389506843794e-08
 0.005299999999999996 3.647723536590515e-08
 0.005349999999999995 2.988015397360982e-08
 0.005399999999999995 2.401371192467684e-08
 0.005449999999999995 1.886435189273876e-08
 0.005499999999999994 1.441396162957226e-08
 0.005549999999999994 1.063995336233295e-08
 0.005599999999999994 7.515366270765334e-09
 0.005649999999999994 5.009004501679819e-09
 0.005699999999999993 3.085619766642621e-09
 0.005749999999999993 1.706141418915908e-09
 0.005799999999999993 8.279523356631547e-10
 0.005849999999999992 4.052079906003419e-10
 0.005899999999999992 3.891980193922233e-10
 0.005949999999999992 7.28753319720938e-10
 0.005999999999999991 1.370706790785598e-09
 0.006049999999999991 2.260423392744919e-09
 0.006099999999999991 3.34242873871187e-09
 0.006149999999999991 4.561192293131232e-09
 0.00619999999999999 5.862173815396672e-09
 0.00624999999999999 7.193332514439066e-09
 0.00629999999999999 8.50741015843334e-09
 0.006349999999999989 9.765296430397935e-09
 0.006399999999999989 1.094031111206081e-08
 0.006449999999999989 1.202200085537903e-08
 0.006499999999999988 1.301686674999755e-08
 0.006549999999999988 1.394433826946078e-08
 0.006599999999999988 1.48293914046199e-08
 0.006649999999999988 1.56953300958895e-08
 0.006699999999999987 1.655945940854804e-08
 0.006749999999999987 1.743215320276434e-08
 0.006799999999999987 1.831819455163615e-08
 0.006849999999999986 1.921887767214671e-08
 0.006899999999999986 2.013380334360284e-08
 0.006949999999999986 2.106199374761444e-08
 0.006999999999999985 2.200280082398321e-08
 0.007049999999999985 2.295953692894625e-08
 0.007099999999999985 2.395449158988618e-08
 0.007149999999999984 2.504822781832751e-08
 0.007199999999999984 2.629335890986628e-08
 0.007249999999999984 2.769179211215874e-08
 0.007299999999999984 2.927365115992271e-08
 0.007349999999999983 3.115993901777777e-08
 0.007399999999999983 3.359197308563059e-08
 0.007449999999999983 3.693864735070035e-08
 0.007499999999999982 4.140103564449309e-08
 0.007549999999999982 4.650492751416739e-08
 0.007599999999999982 5.135989065619177e-08
 0.007649999999999981 5.53560078499234e-08
 0.007699999999999981 5.84508524568606e-08
 0.007749999999999981 6.09011080086901e-08
 0.007799999999999981 6.29917015277078e-08
 0.00784999999999998 6.500520820853883e-08
 0.00789999999999998 6.713924955097587e-08
 0.00794999999999998 6.946152254831262e-08
 0.007999999999999979 7.214325796787639e-08
 0.008049999999999979 7.548168807146729e-08
 0.008099999999999979 7.977707583705694e-08
 0.008149999999999978 8.555039981965847e-08
 0.008199999999999978 9.369611385700694e-08
 0.008249999999999978 1.048361673948596e-07
 0.008299999999999978 1.186590226766105e-07
 0.008349999999999977 1.339969461548787e-07
 0.008399999999999977 1.492240607899522e-07
 0.008449999999999977 1.629926453494991e-07
 0.008499999999999976 1.74605632360472e-07
 0.008549999999999976 1.839155427071724e-07
 0.008599999999999976 1.91277998474312e-07
 0.008649999999999975 1.973881392930402e-07
 0.008699999999999975 2.031189286336363e-07
 0.008749999999999975 2.094999456330002e-07
 0.008799999999999975 2.171632441549921e-07
 0.008849999999999974 2.26295837953859e-07
 0.008899999999999974 2.371817697744789e-07
 0.008949999999999974 2.499143067987228e-07
 0.008999999999999973 2.638424542680766e-07
 0.009049999999999973 2.776487804944684e-07
 0.009099999999999973 2.903440653068213e-07
 0.009149999999999972 3.017671407344807e-07
 0.009199999999999972 3.119959740693734e-07
 0.009249999999999972 3.214890622167433e-07
 0.009299999999999971 3.313129659330633e-07
 0.009349999999999971 3.42331423060546e-07
 0.009399999999999971 3.547339872230219e-07
 0.009449999999999971 3.689351502079353e-07
 0.00949999999999997 3.861414644042278e-07
 0.00954999999999997 4.066281310698443e-07
 0.00959999999999997 4.29078463411765e-07
 0.009649999999999969 4.524909189110457e-07
 0.009699999999999969 4.764592334508657e-07
 0.009749999999999969 5.00314411808058e-07
 0.009799999999999968 5.228402177070111e-07
 0.009849999999999968 5.42904588930189e-07
 0.009899999999999968 5.60495156202309e-07
 0.009949999999999968 5.764752622909249e-07
 0.009999999999999967 5.919587626957231e-07
 0.01004999999999997 6.081879630561747e-07
 0.01009999999999997 6.2616275877092e-07
 0.01014999999999997 6.458099087337886e-07
 0.01019999999999997 6.664148393718671e-07
 0.01024999999999997 6.872066599294725e-07
 0.01029999999999997 7.074351274385318e-07
 0.01034999999999997 7.265253200585748e-07
 0.01039999999999996 7.445449627382485e-07
 0.01044999999999996 7.6224374239258e-07
 0.01049999999999996 7.802379434937567e-07
 0.01054999999999996 7.985350443566966e-07
 0.01059999999999996 8.170122933441034e-07
 0.01064999999999996 8.357115877088987e-07
 0.01069999999999996 8.551365441325755e-07
 0.01074999999999996 8.758089544527771e-07
 0.01079999999999996 8.975524047530097e-07
 0.01084999999999996 9.197998524351298e-07
 0.01089999999999996 9.418618980501638e-07
 0.01094999999999996 9.630396749029836e-07
 0.01099999999999996 9.829156658435543e-07
 0.01104999999999996 1.001511166621828e-06
 0.01109999999999996 1.019194070845238e-06
 0.01114999999999996 1.036112230397337e-06
 0.01119999999999996 1.052483135617846e-06
 0.01124999999999996 1.068913344231721e-06
 0.01129999999999996 1.085843709685721e-06
 0.01134999999999996 1.102958439334027e-06
 0.01139999999999996 1.119223950607224e-06
 0.01144999999999996 1.133755388071439e-06
 0.01149999999999996 1.146310399443542e-06
 0.01154999999999996 1.157200595698941e-06
 0.01159999999999996 1.167217131941493e-06
 0.01164999999999996 1.177487034778633e-06
 0.01169999999999996 1.188459320712333e-06
 0.01174999999999996 1.199446223459345e-06
 0.01179999999999996 1.209332787635015e-06
 0.01184999999999996 1.217606164517103e-06
 0.01189999999999996 1.224505482517124e-06
 0.01194999999999996 1.230325390505405e-06
 0.01199999999999996 1.235233125434498e-06
 0.01204999999999995 1.239398492924232e-06
 0.01209999999999995 1.242750620781741e-06
 0.01214999999999995 1.245036065042988e-06
 0.01219999999999995 1.246205574858266e-06
 0.01224999999999995 1.24650807043878e-06
 0.01229999999999995 1.245983610796991e-06
 0.01234999999999995 1.244236273336493e-06
 0.01239999999999995 1.240889111367824e-06
 0.01244999999999995 1.235974486685292e-06
 0.01249999999999995 1.229848804779571e-06
 0.01254999999999995 1.222708444236312e-06
 0.01259999999999995 1.214403898604745e-06
 0.01264999999999995 1.204782326971262e-06
 0.01269999999999995 1.193919791876824e-06
 0.01274999999999995 1.181976283831957e-06
 0.01279999999999995 1.169118335984465e-06
 0.01284999999999995 1.155532313305232e-06
 0.01289999999999995 1.141272974559483e-06
 0.01294999999999995 1.126241159932428e-06
 0.01299999999999995 1.110234885733094e-06
 0.01304999999999995 1.093011215749504e-06
 0.01309999999999995 1.074445935815842e-06
 0.01314999999999995 1.054626315162765e-06
 0.01319999999999995 1.033745596169363e-06
 0.01324999999999995 1.011978587119611e-06
 0.01329999999999995 9.894784445944892e-07
 0.01334999999999995 9.663924209406701e-07
 0.01339999999999995 9.428192183559683e-07
 0.01344999999999995 9.187752776746972e-07
 0.01349999999999995 8.942098728925617e-07
 0.01354999999999995 8.690442184145209e-07
 0.01359999999999995 8.432117108471793e-07
 0.01364999999999995 8.166880116509391e-07
 0.01369999999999994 7.894996197494405e-07
 0.01374999999999994 7.617194672373286e-07
 0.01379999999999994 7.334657128172917e-07
 0.01384999999999994 7.048969268086106e-07
 0.01389999999999994 6.761886184489958e-07
 0.01394999999999994 6.474923419747309e-07
 0.01399999999999994 6.189077805059339e-07
 0.01404999999999994 5.904833287583919e-07
 0.01409999999999994 5.622377903148054e-07
 0.01414999999999994 5.341863873521802e-07
 0.01419999999999994 5.063580987539915e-07
 0.01424999999999994 4.788029062605916e-07
 0.01429999999999994 4.515888769905173e-07
 0.01434999999999994 4.247898585450057e-07
 0.01439999999999994 3.984728216014484e-07
 0.01444999999999994 3.726943408670214e-07
 0.01449999999999994 3.475055417497838e-07
 0.01454999999999994 3.229573111769862e-07
 0.01459999999999994 2.991001917063888e-07
 0.01464999999999994 2.759814760238934e-07
 0.01469999999999994 2.536439781928211e-07
 0.01474999999999994 2.321274931364017e-07
 0.01479999999999994 2.114709304829031e-07
 0.01484999999999994 1.91713200497273e-07
 0.01489999999999994 1.72891989057751e-07
 0.01494999999999994 1.550412451310484e-07
 0.01499999999999994 1.381887034279564e-07
 0.01504999999999994 1.223545481832919e-07
 0.01509999999999994 1.075513171493983e-07
 0.01514999999999994 9.378467230536429e-08
 0.01519999999999994 8.105439486323771e-08
 0.01524999999999994 6.93552032557336e-08
 0.01529999999999994 5.867724431620657e-08
 0.01534999999999993 4.900630181526642e-08
 0.01539999999999993 4.032383211186245e-08
 0.01544999999999993 3.260692359577009e-08
 0.01549999999999993 2.582824568166319e-08
 0.01554999999999993 1.995602783425493e-08
 0.01559999999999993 1.495409252593873e-08
 0.01564999999999993 1.078195061442598e-08
 0.01569999999999994 7.394955558423401e-09
 0.01574999999999994 4.744508289846811e-09
 0.01579999999999994 2.778306525113974e-09
 0.01584999999999994 1.440637427718104e-09
 0.01589999999999994 6.727165120755877e-10
 0.01594999999999994 4.130771403206888e-10
 0.01599999999999994 5.980153220641586e-10
 0.01604999999999995 1.162095508597554e-09
 0.01609999999999995 2.038727393673247e-09
 0.01614999999999995 3.16083402858455e-09
 0.01619999999999995 4.461654331498131e-09
 0.01624999999999995 5.875769807411291e-09
 0.01629999999999995 7.340533887640066e-09
 0.01634999999999995 8.798219303733165e-09
 0.01639999999999996 1.019930577456059e-08
 0.01644999999999996 1.150708536238285e-08
 0.01649999999999996 1.270262548023099e-08
 0.01654999999999996 1.378733387340296e-08
 0.01659999999999996 1.478017586313116e-08
 0.01664999999999996 1.570975534133133e-08
 0.01669999999999996 1.660509823423296e-08
 0.01674999999999997 1.748918089768399e-08
 0.01679999999999997 1.837668266276739e-08
 0.01684999999999997 1.927500947222593e-08
 0.01689999999999997 2.018672808740062e-08
 0.01694999999999997 2.111189753646019e-08
 0.01699999999999997 2.20496149019673e-08
 0.01704999999999997 2.299903619151079e-08
 0.01709999999999998 2.39623519176393e-08
 0.01714999999999998 2.495843327426221e-08
 0.01719999999999998 2.604674742612569e-08
 0.01724999999999998 2.728983581283461e-08
 0.01729999999999998 2.869130944152108e-08
 0.01734999999999998 3.027007197348154e-08
 0.01739999999999998 3.213785360367481e-08
 0.01744999999999999 3.452778191343341e-08
 0.01749999999999999 3.781486133001539e-08
 0.01754999999999999 4.227322449174734e-08
 0.01759999999999999 4.750187302272713e-08
 0.01764999999999999 5.257260969028991e-08
 0.01769999999999999 5.677925632720601e-08
 0.01774999999999999 6.001666376314285e-08
 0.0178 6.254451619072485e-08
 0.01785 6.466463288276009e-08
 0.0179 6.667909455544839e-08
 0.01795 6.880689971230372e-08
 0.018 7.111893461865312e-08
 0.01805 7.377952281073997e-08
 0.0181 7.709597129350563e-08
 0.01815000000000001 8.137661489742718e-08
 0.01820000000000001 8.713228125966534e-08
 0.01825000000000001 9.526721318148228e-08
 0.01830000000000001 1.064557471435328e-07
 0.01835000000000001 1.204254388657979e-07
 0.01840000000000001 1.360050398519932e-07
 0.01845000000000001 1.515180685277432e-07
 0.01850000000000002 1.655481254565877e-07
 0.01855000000000002 1.773563692668936e-07
 0.01860000000000002 1.867821484562703e-07
 0.01865000000000002 1.941867522086903e-07
 0.01870000000000002 2.002839542659188e-07
 0.01875000000000002 2.0596653815435e-07
 0.01880000000000003 2.12286618032268e-07
 0.01885000000000003 2.198977215956897e-07
 0.01890000000000003 2.289818324168134e-07
 0.01895000000000003 2.398269500682076e-07
 0.01900000000000003 2.52543444398349e-07
 0.01905000000000003 2.66491458423533e-07
 0.01910000000000003 2.803314848484774e-07
 0.01915000000000004 2.93040029743683e-07
 0.01920000000000004 3.044461552622316e-07
 0.01925000000000004 3.146265659778618e-07
 0.01930000000000004 3.240350918745768e-07
 0.01935000000000004 3.337478978672099e-07
 0.01940000000000004 3.446444244393469e-07
 0.01945000000000004 3.569124653693995e-07
 0.01950000000000005 3.709503363886631e-07
 0.01955000000000005 3.879731759479041e-07
 0.01960000000000005 4.082998340457596e-07
 0.01965000000000005 4.306062347018383e-07
 0.01970000000000005 4.538590795448434e-07
 0.01975000000000005 4.776579806491388e-07
 0.01980000000000005 5.013523137238573e-07
 0.01985000000000006 5.237333545491797e-07
 0.01990000000000006 5.436377843529048e-07
 0.01995000000000006 5.610198375635054e-07
 0.02000000000000006 5.76731950693756e-07
 5e-05 6.249639422677628e-08
 0.0001 6.294566037010993e-08
 0.00015 6.342284922346384e-08
 5e-05 6.249639422677628e-08
 0.0001 6.294566037010993e-08
 0.00015 6.342284922346384e-08
 0.0002 6.774951890992962e-08
 0.00025 7.937788546169462e-08
