 5e-05 6.249765595590338e-08
 0.0001 6.556797781168457e-08
 0.00015 2.489990386620826e-07
 0.0002 2.163167604285662e-06
 0.00025 7.930454469565105e-06
 0.0003 1.46108127376771e-05
 0.0003500000000000001 1.863990615576448e-05
 0.0004000000000000001 2.056177292847676e-05
 0.0004500000000000001 2.25608371366299e-05
 0.0005000000000000001 2.729457197766151e-05
 0.0005500000000000001 3.834778409478714e-05
 0.0006000000000000002 5.694787806234853e-05
 0.0006500000000000002 7.900224536420283e-05
 0.0007000000000000002 9.906308146192927e-05
 0.0007500000000000002 0.0001143767306940681
 0.0008000000000000003 0.0001259949608107872
 0.0008500000000000003 0.0001381688761111008
 0.0009000000000000003 0.0001537163759691524
 0.0009500000000000003 0.000171483560589899
 0.001 0.0001886185331052819
 0.00105 0.0002033578305902767
 0.0011 0.0002164966962391813
 0.00115 0.0002310309461135758
 0.0012 0.0002488171734704196
 0.00125 0.0002713351404602545
 0.0013 0.0002983759805630631
 0.00135 0.0003280468549398271
 0.0014 0.0003578887076453242
 0.001449999999999999 0.0003853232475365234
 0.001499999999999999 0.0004099759645951254
 0.001549999999999999 0.0004330707714678478
 0.001599999999999999 0.0004568292608139937
 0.001649999999999999 0.0004824450409006467
 0.001699999999999999 0.000509022175873713
 0.001749999999999999 0.0005352439542616578
 0.001799999999999999 0.0005603075216204048
 0.001849999999999999 0.0005847560569097452
 0.001899999999999999 0.0006095185006902365
 0.001949999999999999 0.000634983907238457
 0.001999999999999999 0.0006616800911828089
 0.002049999999999999 0.0006897754845274662
 0.002099999999999999 0.0007185109885126105
 0.002149999999999999 0.0007472563969791833
 0.002199999999999999 0.0007753875519955587
 0.002249999999999999 0.00080268281714679
 5e-05 6.249765595590338e-08
 0.0001 6.556797781168457e-08
 0.00015 2.489990386620826e-07
 0.0002 2.163167604285662e-06
 0.00025 7.930454469565105e-06
 0.0003 1.46108127376771e-05
 0.0003500000000000001 1.863990615576448e-05
 0.0004000000000000001 2.056177292847676e-05
 0.0004500000000000001 2.25608371366299e-05
 0.0005000000000000001 2.729457197766151e-05
 0.0005500000000000001 3.834778409478714e-05
 0.0006000000000000002 5.694787806234853e-05
 0.0006500000000000002 7.900224536420283e-05
 0.0007000000000000002 9.906308146192927e-05
 0.0007500000000000002 0.0001143767306940681
 0.0008000000000000003 0.0001259949608107872
 0.0008500000000000003 0.0001381688761111008
 0.0009000000000000003 0.0001537163759691524
 0.0009500000000000003 0.000171483560589899
 0.001 0.0001886185331052819
 0.00105 0.0002033578305902767
 0.0011 0.0002164966962391813
 0.00115 0.0002310309461135758
 0.0012 0.0002488171734704196
 0.00125 0.0002713351404602545
 0.0013 0.0002983759805630631
 0.00135 0.0003280468549398271
 0.0014 0.0003578887076453242
 0.001449999999999999 0.0003853232475365234
 0.001499999999999999 0.0004099759645951254
 0.001549999999999999 0.0004330707714678478
 0.001599999999999999 0.0004568292608139937
 0.001649999999999999 0.0004824450409006467
 0.001699999999999999 0.000509022175873713
 0.001749999999999999 0.0005352439542616578
 0.001799999999999999 0.0005603075216204048
 0.001849999999999999 0.0005847560569097452
 0.001899999999999999 0.0006095185006902365
 0.001949999999999999 0.000634983907238457
 0.001999999999999999 0.0006616800911828089
 0.002049999999999999 0.0006897754845274662
 0.002099999999999999 0.0007185109885126105
 0.002149999999999999 0.0007472563969791833
 0.002199999999999999 0.0007753875519955587
 0.002249999999999999 0.00080268281714679
 0.0023 0.0008293441390701259
 0.00235 0.0008550354329471721
 0.0024 0.0008804066832728859
 0.00245 0.0009064008073251662
 0.0025 0.0009322532159192557
 0.00255 0.0009565896235595793
 0.0026 0.0009790731899862138
 0.00265 0.001000331043815641
 0.002700000000000001 0.001021815978589155
 0.002750000000000001 0.001043867541050665
 0.002800000000000001 0.001065100913149142
 0.002850000000000001 0.001084705234990871
 0.002900000000000001 0.001103106984301581
 0.002950000000000001 0.001120609421319163
 0.003000000000000001 0.001137369273128048
 0.003050000000000001 0.001153362688601566
 0.003100000000000002 0.001168378657036596
 0.003150000000000002 0.001182451330523015
 0.003200000000000002 0.001195385780811767
 0.003250000000000002 0.001206618883688778
 0.003300000000000002 0.001216106906178631
 0.003350000000000002 0.001224370341820558
 0.003400000000000002 0.001231561949003432
 0.003450000000000003 0.00123722392202351
 0.003500000000000003 0.001241220898731061
 0.003550000000000003 0.001243826930999051
 0.003600000000000003 0.001245257472609395
 0.003650000000000003 0.001245670987813986
 0.003700000000000003 0.001244903112047625
 0.003750000000000003 0.001242636393819282
 0.003800000000000003 0.001238673300676887
 0.003850000000000004 0.001232953180610977
 0.003900000000000004 0.001225709685294723
 0.003950000000000004 0.001217145763105475
 0.004000000000000004 0.001207364883243375
 0.004050000000000003 0.001196459341550843
 0.004100000000000003 0.001184404491564491
 0.004150000000000003 0.001171145711970578
 0.004200000000000002 0.00115661782691593
 0.004250000000000002 0.0011406707074802
 0.004300000000000002 0.0011231907866539
 0.004350000000000001 0.001104191120639887
 0.004400000000000001 0.001083791871752993
 0.004450000000000001 0.001062185905510638
 0.004500000000000001 0.001039609460487863
 0.00455 0.001016262650884992
 0.0046 0.0009922130107116167
 0.00465 0.0009674333020032794
 0.004699999999999999 0.0009418903296176472
 0.004749999999999999 0.0009155761425649202
 0.004799999999999999 0.0008885323184741286
 0.004849999999999998 0.0008608593926427145
 0.004899999999999998 0.000832695695447369
 0.004949999999999998 0.0008041548063625883
 0.004999999999999998 0.0007752967490460363
 0.005049999999999997 0.0007461743766493207
 0.005099999999999997 0.0007168752923261752
 0.005149999999999997 0.0006875042997412393
 0.005199999999999996 0.0006581478301585702
 0.005249999999999996 0.0006288731282725221
 0.005299999999999996 0.0005997567956546046
 0.005349999999999995 0.0005708981348603577
 0.005399999999999995 0.0005424075939070805
 0.005449999999999995 0.0005143901710332717
 0.005499999999999994 0.0004869364916281882
 0.005549999999999994 0.0004601230548650722
 0.005599999999999994 0.0004340184042297073
 0.005649999999999994 0.0004086880141785185
 0.005699999999999993 0.0003841961328278127
 0.005749999999999993 0.0003606056045213087
 0.005799999999999993 0.0003379760463257747
 0.005849999999999992 0.0003163623020825732
 0.005899999999999992 0.0002958140033786194
 0.005949999999999992 0.0002763751875259558
 0.005999999999999991 0.0002580833508861651
 0.006049999999999991 0.000240968300219019
 0.006099999999999991 0.0002250514476726483
 0.006149999999999991 0.0002103454125674156
 0.00619999999999999 0.0001968529737736568
 0.00624999999999999 0.0001845647261004425
 0.00629999999999999 0.0001734555680139004
 0.006349999999999989 0.0001634807084935736
 0.006399999999999989 0.0001545724744630297
 0.006449999999999989 0.00014664009071224
 0.006499999999999988 0.0001395747300015488
 0.006549999999999988 0.0001332598034613884
 0.006599999999999988 0.0001275829826371941
 0.006649999999999988 0.0001224454431040336
 0.006699999999999987 0.000117765967093389
 0.006749999999999987 0.0001134803745068547
 0.006799999999999987 0.0001095383136674686
 0.006849999999999986 0.0001058994831856848
 0.006899999999999986 0.0001025305417279058
 0.006949999999999986 9.940305583963084e-05
 0.006999999999999985 9.649233802080842e-05
 0.007049999999999985 9.377752134631498e-05
 0.007099999999999985 9.124613742511258e-05
 0.007149999999999984 8.890324050899217e-05
 0.007199999999999984 8.675511227814059e-05
 0.007249999999999984 8.478624126107846e-05
 0.007299999999999984 8.299734052969796e-05
 0.007349999999999983 8.143797191972298e-05
 0.007399999999999983 8.022323171123322e-05
 0.007449999999999983 7.956214213348178e-05
 0.007499999999999982 7.962489117623218e-05
 0.007549999999999982 8.020257653509617e-05
 0.007599999999999982 8.079586571027154e-05
 0.007649999999999981 8.10133555774347e-05
 0.007699999999999981 8.078733535195303e-05
 0.007749999999999981 8.024696221808687e-05
 0.007799999999999981 7.955967075970685e-05
 0.00784999999999998 7.893406970704171e-05
 0.00789999999999998 7.850874618459872e-05
 0.00794999999999998 7.830913592123416e-05
 0.007999999999999979 7.852442980108359e-05
 0.008049999999999979 7.946666504518461e-05
 0.008099999999999979 8.14377825187403e-05
 0.008149999999999978 8.500914337690448e-05
 0.008199999999999978 9.112253029269485e-05
 0.008249999999999978 0.0001001462816415674
 0.008299999999999978 0.0001113973167317831
 0.008349999999999977 0.0001236380560923441
 0.008399999999999977 0.0001353294024108275
 0.008449999999999977 0.0001453351998782498
 0.008499999999999976 0.0001531931667654199
 0.008549999999999976 0.0001589090387435378
 0.008599999999999976 0.0001629507236327165
 0.008649999999999975 0.0001660702176339902
 0.008699999999999975 0.0001692109877311621
 0.008749999999999975 0.0001735126455062755
 0.008799999999999975 0.00017940719159461
 0.008849999999999974 0.0001869380409331774
 0.008899999999999974 0.0001965514404594351
 0.008949999999999974 0.0002082561384719568
 0.008999999999999973 0.0002209901272153604
 0.009049999999999973 0.000233034593960703
 0.009099999999999973 0.0002436282935800113
 0.009149999999999972 0.0002530708482091886
 0.009199999999999972 0.0002614391906705737
 0.009249999999999972 0.0002694983728010849
 0.009299999999999971 0.0002788485692380637
 0.009349999999999971 0.0002901623799322181
 0.009399999999999971 0.0003031281230989679
 0.009449999999999971 0.0003185927202183453
 0.00949999999999997 0.0003385938271537245
 0.00954999999999997 0.0003622799601779417
 0.00959999999999997 0.0003869898421733188
 0.009649999999999969 0.0004123724593045141
 0.009699999999999969 0.0004383139250694679
 0.009749999999999969 0.0004636466593569713
 0.009799999999999968 0.0004867200625206291
 0.009849999999999968 0.000506491875192227
 0.009899999999999968 0.0005240166351814211
 0.009949999999999968 0.0005408242427540971
 0.009999999999999967 0.0005583171483047819
 0.01004999999999997 0.0005781316550310571
 0.01009999999999997 0.0006010514696004198
 0.01014999999999997 0.0006257615931692621
 0.01019999999999997 0.000651157394157856
 0.01024999999999997 0.0006764345575973095
 0.01029999999999997 0.0007007363761466558
 0.01034999999999997 0.0007236487817975908
 0.01039999999999996 0.0007460640917538997
 0.01044999999999996 0.000769560744889182
 0.01049999999999996 0.0007943180861164252
 0.01054999999999996 0.0008196157175338813
 0.01059999999999996 0.0008454538322615954
 0.01064999999999996 0.0008720787512598292
 0.01069999999999996 0.0009008916718876333
 0.01074999999999996 0.0009323281444340964
 0.01079999999999996 0.0009650143200505022
 0.01084999999999996 0.0009980441257824075
 0.01089999999999996 0.001030492119625336
 0.01094999999999996 0.001061585918695371
 0.01099999999999996 0.001091342135588481
 0.01104999999999996 0.001120374459044101
 0.01109999999999996 0.001149536904812871
 0.01114999999999996 0.001178332236403387
 0.01119999999999996 0.001207637178557274
 0.01124999999999996 0.001238889431159399
 0.01129999999999996 0.001271805122093489
 0.01134999999999996 0.001304479287984021
 0.01139999999999996 0.001334675617796232
 0.01144999999999996 0.001362346842515516
 0.01149999999999996 0.001388402356333583
 0.01154999999999996 0.001413970690368405
 0.01159999999999996 0.0014409127135675
 0.01164999999999996 0.001471151895102238
 0.01169999999999996 0.001502811508799026
 0.01174999999999996 0.001532844818092187
 0.01179999999999996 0.001560057178144473
 0.01184999999999996 0.00158596511056971
 0.01189999999999996 0.001612048182371173
 0.01194999999999996 0.001637688513496788
 0.01199999999999996 0.001663060591384154
 0.01204999999999995 0.001688605531423257
 0.01209999999999995 0.001713103881586478
 0.01214999999999995 0.001736180180549486
 0.01219999999999995 0.001758893783748088
 0.01224999999999995 0.001782146213479111
 0.01229999999999995 0.001804288168596689
 0.01234999999999995 0.001823602012797526
 0.01239999999999995 0.001840787439501011
 0.01244999999999995 0.001857368232680222
 0.01249999999999995 0.001874151771838564
 0.01254999999999995 0.001889697189432225
 0.01259999999999995 0.001902826508802545
 0.01264999999999995 0.001914510922764724
 0.01269999999999995 0.001925682402851405
 0.01274999999999995 0.001936028843139297
 0.01279999999999995 0.001945956987982521
 0.01284999999999995 0.001955942528246885
 0.01289999999999995 0.001964769743587482
 0.01294999999999995 0.001971982183324721
 0.01299999999999995 0.001976844202071761
 0.01304999999999995 0.001978805076596184
 0.01309999999999995 0.001978777261354241
 0.01314999999999995 0.001977739506756824
 0.01319999999999995 0.001975599842423827
 0.01324999999999995 0.001972232931448374
 0.01329999999999995 0.001968121760300104
 0.01334999999999995 0.001963444508030521
 0.01339999999999995 0.001957697070939951
 0.01344999999999995 0.00195033237068259
 0.01349999999999995 0.001940932630246691
 0.01354999999999995 0.001929209529190853
 0.01359999999999995 0.001915116889454562
 0.01364999999999995 0.001898821631188873
 0.01369999999999994 0.001880492781167727
 0.01374999999999994 0.001860404333033452
 0.01379999999999994 0.001839107144724801
 0.01384999999999994 0.001817146275422948
 0.01389999999999994 0.001794688876450969
 0.01394999999999994 0.001771343061551132
 0.01399999999999994 0.001746714177563559
 0.01404999999999994 0.001720523971556323
 0.01409999999999994 0.001692737668211747
 0.01414999999999994 0.001663494127323736
 0.01419999999999994 0.001632994844363364
 0.01424999999999994 0.00160154866176921
 0.01429999999999994 0.001569292024935
 0.01434999999999994 0.001536036983609753
 0.01439999999999994 0.001501595958965586
 0.01444999999999994 0.00146605831666472
 0.01449999999999994 0.00142968276587872
 0.01454999999999994 0.001392591195843895
 0.01459999999999994 0.001354657217817698
 0.01464999999999994 0.001315808835283311
 0.01469999999999994 0.00127614692097093
 0.01474999999999994 0.001235903709383115
 0.01479999999999994 0.001195358587434099
 0.01484999999999994 0.001154763928393966
 0.01489999999999994 0.001114229469022475
 0.01494999999999994 0.001073748366863138
 0.01499999999999994 0.001033296083407834
 0.01504999999999994 0.0009928673635210446
 0.01509999999999994 0.0009525025923503507
 0.01514999999999994 0.000912282782872563
 0.01519999999999994 0.0008722980347314835
 0.01524999999999994 0.0008326371775744096
 0.01529999999999994 0.0007933900336985701
 0.01534999999999993 0.0007546474240352638
 0.01539999999999993 0.0007165039941679773
 0.01544999999999993 0.0006790483581359813
 0.01549999999999993 0.0006423580593684639
 0.01554999999999993 0.0006065092584610652
 0.01559999999999993 0.0005715857341723318
 0.01564999999999993 0.0005376809389664641
 0.01569999999999994 0.0005048930407618225
 0.01574999999999994 0.0004733149380235412
 0.01579999999999994 0.0004430273992047848
 0.01584999999999994 0.0004140985541853631
 0.01589999999999994 0.0003865845946260998
 0.01594999999999994 0.0003605290177733431
 0.01599999999999994 0.0003359631661388283
 0.01604999999999995 0.0003129096831768926
 0.01609999999999995 0.0002913864335453429
 0.01614999999999995 0.0002714069052848286
 0.01619999999999995 0.0002529766031512044
 0.01624999999999995 0.0002360887154211114
 0.01629999999999995 0.0002207210939395289
 0.01634999999999995 0.0002068337486972364
 0.01639999999999996 0.000194365915922779
 0.01644999999999996 0.000183233083905995
 0.01649999999999996 0.000173325780833565
 0.01654999999999996 0.0001645130286715784
 0.01659999999999996 0.0001566520533615075
 0.01664999999999996 0.000149601741956459
 0.01669999999999996 0.0001432346321489166
 0.01674999999999997 0.0001374436302160343
 0.01679999999999997 0.0001321429809983628
 0.01684999999999997 0.0001272653924200849
 0.01689999999999997 0.0001227577810663711
 0.01694999999999997 0.0001185773861886265
 0.01699999999999997 0.0001146889302405063
 0.01704999999999997 0.0001110627788012646
 0.01709999999999998 0.0001076742329845698
 0.01714999999999998 0.0001045067148219869
 0.01719999999999998 0.0001015614466009595
 0.01724999999999998 9.884592130956588e-05
 0.01729999999999998 9.634364696142796e-05
 0.01734999999999998 9.404730130440356e-05
 0.01739999999999998 9.199786866039761e-05
 0.01744999999999999 9.029952519282125e-05
 0.01749999999999999 8.915089548746029e-05
 0.01754999999999999 8.875536620864242e-05
 0.01759999999999999 8.896048940156382e-05
 0.01764999999999999 8.926702398623526e-05
 0.01769999999999999 8.923871278412652e-05
 0.01774999999999999 8.876539779590641e-05
 0.0178 8.796893151379947e-05
 0.01785 8.701912285502646e-05
 0.0179 8.612863136161991e-05
 0.01795 8.545016228233548e-05
 0.018 8.500510075504407e-05
 0.01805 8.496961016503062e-05
 0.0181 8.566349549406336e-05
 0.01815000000000001 8.739091593212117e-05
 0.01820000000000001 9.070037349773358e-05
 0.01825000000000001 9.653947772705631e-05
 0.01830000000000001 0.0001053416274434772
 0.01835000000000001 0.0001164592293434604
 0.01840000000000001 0.0001286561793597224
 0.01845000000000001 0.0001403590690388576
 0.01850000000000002 0.0001503758205109964
 0.01855000000000002 0.0001582127821265291
 0.01860000000000002 0.0001638642839754096
 0.01865000000000002 0.0001677997782960409
 0.01870000000000002 0.0001707817616708245
 0.01875000000000002 0.0001737627285629543
 0.01880000000000003 0.0001778977553721076
 0.01885000000000003 0.0001836404103510577
 0.01890000000000003 0.0001910163348864954
 0.01895000000000003 0.0002004818026117875
 0.01900000000000003 0.0002120732393677761
 0.01905000000000003 0.0002247490150981319
 0.01910000000000003 0.0002367601962137871
 0.01915000000000004 0.0002473044464773863
 0.01920000000000004 0.000256680940629801
 0.01925000000000004 0.0002649640552608577
 0.01930000000000004 0.0002729022824255669
 0.01935000000000004 0.0002821081830071996
 0.01940000000000004 0.0002932748095691551
 0.01945000000000004 0.000306077650968699
 0.01950000000000005 0.0003213317422081437
 0.01955000000000005 0.0003411053326580764
 0.01960000000000005 0.0003646366771760559
 0.01965000000000005 0.0003892060831753937
 0.01970000000000005 0.0004144220399356219
 0.01975000000000005 0.0004402151571272765
 0.01980000000000005 0.0004654415584421119
 0.01985000000000006 0.0004884482814527855
 0.01990000000000006 0.0005081238101382663
 0.01995000000000006 0.0005254858778305739
 0.02000000000000006 0.0005420663940697301
 5e-05 6.249765595590338e-08
 0.0001 6.556797781168457e-08
 0.00015 2.489990386620826e-07
 5e-05 6.249765595590338e-08
 0.0001 6.556797781168457e-08
 0.00015 2.489990386620826e-07
 0.0002 2.163167604285662e-06
 0.00025 7.930454469565105e-06
